[/nix/store/kk0g33ggn5xr2nv01x6hvd0s0k9lwhg2-libplasma-6.6.5/share/plasma/desktoptheme/default/dialogs/background.svgz]
10268851066664241948=38,16,6,32
11352965020436684775=119,10,31.999989999999997,6.000021
12331946563381357203=113,48,6,6
12675798261027047771=44,30,1.000000082740371e-08,4
12819004676937797573=38,48,6,6
13429408619229112812=151,48,6,6
13816085671025195867=0,10,6,6
138593625312241532=95,0,16,16
14146875091519688637=0,30,9.9999999e-09,4
14466354664887708650=20,10,4,1.000000082740371e-08
14676476575573105135=0,0,5,5
14736607559461123321=76,0,2,10
15724695089053900461=38,10,6,6
15806412456094740802=20,50,4,4
17046450393645268385=63,48,32,16
18042639945324317605=20,54,4,1.000000082740371e-08
1819609756011179197=151,10,6,6
18314513959027617023=95,16,16,32
18351432785663897113=0,48,6,6
18436225808586543018=0,16,6,32
2801042680998364677=151,16,6,32
3048909451961043387=76,54,2,10
3740073967154062182=113,10,6,6
3865102065614331886=101,33,10,2
3886766744125919205=47,16,16,32
424537463905242035=119,16,32,32
4347201658143891519=6,48,32,6
4396401319841773892=113,16,6,32
5460112960550875496=95,48,16,16
5987363984740298122=47,0,16,16
6392344112520723476=47,48,16,16
6395145299676967832=119,47.9999785,32.00000800000001,6.000021500000003
6823935608358008672=40,30,4,4
7392477119792103372=0,30,4,4
7691499152751244191=6,10,32,6
7979701476639286321=63,0,32,16
8526993316351067939=47,29,10,2
8527792612673137031=6,16,32,32
8801452002533755604=20,10,4,4
Invalidelements=2283783094,1521985392,695719939,2406365120,984213563,3224328655,2077193707,2328203885,592678126,3646294023,181386870,2136884326,2711561639,4094901807,4091871536
LastModified=1
NaturalSize=157,64

[/nix/store/kk0g33ggn5xr2nv01x6hvd0s0k9lwhg2-libplasma-6.6.5/share/plasma/desktoptheme/default/solid/dialogs/background.svgz]
11330474065385192482=20,10,4,4
12655088770019312180=37.999998,9.9999999,6,6
13151302944645407468=113,16,6,32
1360626057589984853=119,16,32,32
14004884802178286269=-1.614502e-06,9.9999999,6,6
14327393610069647699=37.999998,16,6,32
14414086076643172589=151,16,6,32
15337526904128866650=20,54.000004,4,1.000000082740371e-08
15723062925218379582=113,9.9999999,6,6.000000099999999
16019085538214261524=5.9999984,16,32,32
16073963638709891304=119,47.999982499999994,32.00000800000001,6.000021500000003
17617600021763417208=20,50.000004,4,4
2638018392744100363=0,30,4,4
2914697967448014576=5.9999984,48,32,6
4405942568364569074=113,48,6,6
4887328178743588454=151,9.9999999,6,6.000000099999999
5512989071334369214=0,0,5,5
568365717647474891=39.999996,30,4,4
5782706597039086808=37.999998,48,6,6
5852774167067851673=5.9999984,9.9999999,32,6
6953727790507763812=-1.614502e-06,16,6,32
7494350054568371643=119,10,31.999989999999997,6.000021
7609204022917156297=151,48,6,6
7783313716936669608=20,10,4,9.99999905104687e-09
7875813433981422030=0,30,9.9999999e-09,4
8012287923643488675=43.999996,30,1.000000082740371e-08,4
Invalidelements=1394596876,2640711430,112832477,3353368265,3989508017,4286521231,1165498061,1721993690,2583632145,3796816262,4028540786,1496914685,274922534,2132529146,1298244980
LastModified=1
NaturalSize=157,64

[/nix/store/kk0g33ggn5xr2nv01x6hvd0s0k9lwhg2-libplasma-6.6.5/share/plasma/desktoptheme/default/solid/widgets/panel-background.svgz]
10873069667553736638=119,10,31.999989999999997,6.000021
12571354287750358243=0,10,6,6
13674942590709564096=44,30,1.000000082740371e-08,4
13858711383871750565=38,10,6,6
14640959315749548956=20,10,4,9.99999905104687e-09
14785718960334586026=151,10,6,6
15034575051089576782=119,16,32,32
15299433397167467874=6,48,32,6
15831611699025265984=40,30,4,4
15845280397466206537=0,30,4,4
16126388136172987804=113,48,6,6
17001557764761632078=0,16,6,32
17842733555000867613=113,16,6,32
18239723621611885145=20,54,4,1.000000082740371e-08
18364753607247864244=38,16,6,32
2519646590730487210=38,48,6,6
5070069378182519707=0,48,6,6
5377300617874492341=151,16,6,32
717405676223183960=0,30,9.9999999e-09,4
7566213511729148892=119,47.9999785,32.00000800000001,6.000021500000003
7658765795829952095=20,50,4,4
7923419935234218204=20,10,4,4
8933564622275628991=0,0,5,5
9434775853056184425=151,48,6,6
9665355919647846140=6,16,32,32
9982575805600218545=6,10,32,6
9995965493210548226=113,10,6,6
Invalidelements=304887586,606421574,2311166452,1790040906,2014983635,1087267326,2875458611,715448669,144286179,1743460232,1327067661,4125352817,1016213017,1105136126,197168979,719700929
LastModified=1
NaturalSize=157,64

[/nix/store/kk0g33ggn5xr2nv01x6hvd0s0k9lwhg2-libplasma-6.6.5/share/plasma/desktoptheme/default/solid/widgets/tooltip.svgz]
10215934330864628554=76,54,2,10
10847158958338179902=80,54,2,10
12414305754628194915=0,16,6,32
12546128851427148879=0,30,9.9999999e-09,4
13250529149537365964=63,0,32,16
13440415494944724268=0,0,5,5
13596922881296187266=80,0,2,10
14087494694177394360=0,30,4,4
14133805711441797341=63,16,32,32
14167955651471144278=20,10,4,9.99999905104687e-09
1419452973842765046=47,29,10,2
14793091699042811154=44,30,1.000000082740371e-08,4
15447787453949964315=40,30,4,4
16071925036023159275=47,33,10,2
16291088482601672395=6,48,32,6
16669546206306712034=101,29,10,2
17010426955418598710=95,16,16,32
17617661016862661962=63,48,32,16
18202503738905450974=47,16,16,32
1867261723265283159=38,16,6,32
2049556318374328777=76,0,2,10
2824949243567584212=101,33,10,2
4574954720608326698=20,10,4,4
4974367100445798792=20,54,4,1.000000082740371e-08
6698638746542908319=20,50,4,4
978384775999565837=6,10,32,6
Invalidelements=3856607713,3451687386,1162109047,1923461742,3883253011,618194330,4276545681,3692631986
LastModified=1
NaturalSize=157,64

[/nix/store/kk0g33ggn5xr2nv01x6hvd0s0k9lwhg2-libplasma-6.6.5/share/plasma/desktoptheme/default/translucent/dialogs/background.svgz]
10273637648280812934=113,47.999999,6,6
10544322308210793753=38.000002,47.999999,6,6
10638641227647407359=38.000002,9.999999,6,6
10746028203620001284=2.0288086e-06,9.999999,6,6
11476298013360118158=6.000002,15.999999,32,32
12401014463219015588=20,10,4,4
12955703750758416923=119,10,31.999989999999997,6.000021
13067513830009279420=113,9.999999,6,6
13427289612474579424=95.000002,-9.999999992515995e-07,16,16
14606931114811987665=20,50,4,4
14914606667661643205=44,29.999998,1.000000082740371e-08,4.0000000000000036
14965878343065412818=47.000002,-9.999999992515995e-07,16,16
15866959108652589830=101,33,10,2
17403271562709131453=151,16,6,32
17571294214004044329=113,16,6,32
18100169509896807805=63.000002,47.999999,31.999999999999993,16
18136288008768698226=6.000002,9.999999,32,6
2519581261578911193=47.000002,47.999999,16,16
2603233857502569312=2.0288086e-06,15.999999,6,32
3023239535693431842=0,0,5,5
307298078334488841=47.000002,15.999999,16,32
324249862557198778=63.000002,0,31.999999999999993,16
4204096705398843193=151,9.999999,6,6
4278528047905976094=47,28.999998,10,2
462971567539820440=95.000002,47.999999,16,16
4776023290934173215=2.0288086e-06,47.999999,6,6
5183656185844013374=20,10,4,9.99999905104687e-09
5267971983667777413=151,47.999999,6,6
6135793410432433817=76,0,2,10
6202518545798025810=0,29.999998,9.9999999e-09,4.0000000000000036
6440424726682825798=119,16,32,32
716661446632682078=95.000002,15.999999,16,32
7762472622277542547=38.000002,15.999999,6,32
7946290174956006025=119,47.9999785,32.00000800000001,6.000021500000003
8420246894682201318=0,29.999998,4,4.0000000000000036
8572370366523198008=6.000002,47.999999,32,6
8617794916033785778=40,29.999998,4,4.0000000000000036
9098101449504628011=20,54,4,1.000000082740371e-08
95431112008948659=76,54,2,10
Invalidelements=1727848193,764463927,817319677,2600134916,3934189273,3545509973,1690390266,3521417893,2046530008,2126014725,261733184,3846852565,427738087,4178232692,400493537
LastModified=1
NaturalSize=157,64

[/nix/store/kk0g33ggn5xr2nv01x6hvd0s0k9lwhg2-libplasma-6.6.5/share/plasma/desktoptheme/default/translucent/widgets/background.svgz]
11187350703398145720=28,61,4,14
12693945822513022681=28,19,4,14
15157304676436033277=34,19,4,8
16066340140789066971=1.00000399999999,30.999396500000046,12.000001999999995,32.000591269239976
16939749202834476801=1,49,8,4
16991889820031496449=45.000465000000005,30.999396500000046,11.999541999999991,32.000591269239976
17413796197304232170=34,67,4,8
17718983760364505266=13.00001200692786,63.00000000000003,32.00045319307214,11.999799999999993
4613141231773188635=13.00001199313462,19,32.00045120686538,11.999400000000009
4772192821348863682=1,44.062355,14,4
5807992778549101003=43,44,14,4
5944664109920170696=49,49,8,4
7739392411299542706=5,8.625,5,4.375
Invalidelements=22957746,957350767,428610815,2358399848
LastModified=1
NaturalSize=148,148

[/nix/store/kk0g33ggn5xr2nv01x6hvd0s0k9lwhg2-libplasma-6.6.5/share/plasma/desktoptheme/default/translucent/widgets/panel-background.svgz]
10003544471804032094=44,30,1.000000082740371e-08,4
10383559086466172739=12,95,8,4
10404794495249267211=38,69,4,8
11263996301366517785=6,10,32,6
1133788211169479424=6,48,32,6
11504362072458142826=0,10,6,6
11764128632855321087=20,10,4,4
12051980247306558051=95,0,16,16
12252137504636920425=47,16,16,32
12303538210913309252=39,105,4,8
12366337412914120126=95,16,16,32
12432147871625235121=0,0,5,5
12808146077020383557=119,10,31.99999046330001,6.000020980830001
13394939490593823811=63,48,32,16
1346295387045571906=38,10,6,6
13468280025734738660=20,10,4,1.000000082740371e-08
13929665438496852644=6,16,32,32
15683006520855507380=0,30,9.99999993923e-09,4
1569945862704214239=151,16,6,32
16151260903427728188=95,48,16,16
16792125271299497224=119,16,32,32
17042145594335696603=40,30,4,4
17548158812066850957=63,0,32,16
17915519469457675773=19,75,32,32
17981823288954375568=0,30,4,4
18320153532090021260=47,0,16,16
18433543087006756959=38,48,6,6
1856801901340830145=47,29,10,2
1880773394104872057=151,48,6,6
2261971430376881503=76,54,2,10
3104098163054158673=119,47.99997854233,32.00000762939999,6.000021457670002
3435936072034771955=0,48,6,6
3464767802177798423=48,95,8,4
3717590736680807095=20,50,4,4
3904001455797996005=0,16,6,32
4044260590731573083=20,54,4,1.000000082740371e-08
4160919070890681555=101,33,10,2
5309384530576825673=113,16,6,32
6345356228180851314=151,10,6,6
7049679330143626789=76,0,2,10
8186859445213901745=47,48,16,16
8787625211507095015=38,16,6,32
9216224030755872281=113,48,6,6
9586973080888738636=113,10,6,6
Invalidelements=847790653,830321505,699570187,2543404711,1566502634,3636459002,803220993,3979556682,2317271573,1715482659,2366572640,1067745738,959772551,990317231,423894112,2622913872,2985903277,340165213,2643113431,3326601284,687275458,3009202649,2455482105,551054600,2213996578,3250186791,3831142419,3568905098,400370413,659833997,2742429227,896184494,2039173440
LastModified=1
NaturalSize=157,64

[/nix/store/kk0g33ggn5xr2nv01x6hvd0s0k9lwhg2-libplasma-6.6.5/share/plasma/desktoptheme/default/translucent/widgets/tooltip.svgz]
1003171070172398726=151,16,6,32
10823735182009907911=47,16,16,32
12573166619446686503=0,0,5,5
12918482019264341287=44,29.999998,1.000000082740371e-08,4.0000000000000036
12979372351836229762=0,29.999998,4,4.0000000000000036
13623153516075721568=40,29.999998,4,4.0000000000000036
14720637000705235642=151,10,6,6
15776736128552872625=47,29,10,2
15947462828799020245=2e-06,9.999999,6,6
16822884723097220310=95,48,16,16
16960618422731064796=119,47.9999785,32.00000800000001,6.000021500000003
17149308141839514292=20,10,4,4
1722808921368928342=151,48,6,6
17228152014417941489=76,0,2,10
17857624710562492450=119,16,32,32
18047135024153024068=95,16,16,32
18081878064956942502=38.000002,47.999999,6,6
18183079681558634439=38.000002,9.999999,6,6
2153807780711440337=76,54,2,10
2638480136791780048=20,54,4,1.000000082740371e-08
3004148680559423971=119,10,31.999989999999997,6.000021
355812354404153296=0,29.999998,9.9999999e-09,4.0000000000000036
3906714080729435156=47,48,16,16
4094479749023489690=47,0,16,16
4248584232035478802=95,0,16,16
4504810084978139306=6.000002,47.999999,32,6
5228112501362065971=63,0,32,16
565965264382597927=113,48,6,6
5677376207918850075=20,50,4,4
6960639032921941838=20,10,4,9.99999905104687e-09
7033480204778084355=113,10,6,6
7093508489723086397=101,33,10,2
7244222165217104828=2e-06,47.999999,6,6
7329985694715610298=38.000002,15.999999,6,32
7658535053676894735=113,16,6,32
7760590883345388875=6.000002,15.999999,32,32
8036578192542195010=6.000002,9.999999,32,6
879344768341088592=2e-06,15.999999,6,32
9584389739852394400=63,48,32,16
Invalidelements=2367032630,4256410943,3287208246,3419608417,3175429649,1726817622,4197555708,1992141217,1898580509,3787885262,685837573,1230545398,455343731,1076888587,735716362
LastModified=1
NaturalSize=157,64

[/nix/store/kk0g33ggn5xr2nv01x6hvd0s0k9lwhg2-libplasma-6.6.5/share/plasma/desktoptheme/default/widgets/arrows.svgz]
5105399407215494677=15.000004000000002,30.000002999999992,13.999992999999998,13.999995000000013
LastModified=1
NaturalSize=44,44

[/nix/store/kk0g33ggn5xr2nv01x6hvd0s0k9lwhg2-libplasma-6.6.5/share/plasma/desktoptheme/default/widgets/background.svgz]
10899081199879680830=13.00001200692786,63.00000000000003,32.00045319307214,11.999799999999993
13844617009935819285=1.0000119999999981,62.99939,12.000453,12.000610000000002
14918738047549767079=28,19,4,14
14929223363891042936=45.000012,18.99999999999997,12.000000000000007,12
15752769068306089103=49,49,8,4
16289880138873260682=5,8.625,5,4.375
17186706233825188265=13.00045599999999,30.99938283906272,31.999997999999987,32.00000062694244
1906081844830389053=1,44.062355,14,4
2774862322040937718=43,44,14,4
4238725574094536628=1.00000399999999,30.999396500000046,12.000001999999995,32.000591269239976
5287959650793665407=45.00001,62.99939,12,12.000610000000002
537200584080004641=34,19,4,8
5888239669729866876=1.000012,18.99999999999997,12.000453,12
6085544669630166310=34,67,4,8
8120983417881201458=28,61,4,14
8526364017160637409=1,49,8,4
8621310949487399760=13.00001199313462,19,32.00045120686538,11.999400000000009
9568852218907113386=45.000465000000005,30.999396500000046,11.999541999999991,32.000591269239976
Invalidelements=1555755672,3011500360,3084916596,1778186300
LastModified=1
NaturalSize=148,148

[/nix/store/kk0g33ggn5xr2nv01x6hvd0s0k9lwhg2-libplasma-6.6.5/share/plasma/desktoptheme/default/widgets/bar_meter_horizontal.svgz]
11115923306607822068=8,6,3,3
11835968456447467127=0,14,3,3
13271267471632986576=8,14,3,3
15036430379976927400=0,6,3,3
16688678175551826109=4,14,3,3
17779780866593565383=15,10,3,3
17883866321564908114=19,10,3,3
3130627498848245928=4,6,3,3
3686431894729837523=0,10,3,3
3698039490113718349=8,10,3,3
473670041923448638=15,14,3,3
4935271207566541188=19,14,3,3
5300536912086717390=19,6,3,3
6146160575643210079=11,10,3,3
6193214774662890094=11,6,3,3
67539043011598791=15,6,3,3
7270519260535194629=0,2,4,4
9381795214735455278=4,10,3,3
978884610048992677=11,14,3,3
9951236419541899422=6,0,6,6
Invalidelements=2317079078,536744164,3478533183,562975776,294285980,1269613698,3527360377,3533130104,966395686,374459099,3331415962,338919635,3946755619,3003069299,707300005,2732071894,2913628909,62030696,1715811788,176785351,2727918857,1592159666,1698068247,2269237653,3112539654,1894894642,2466599888,3579056858,2287366772,2756593118,2089745825,2558856751,4150643206,2414313397,2380257441,3054412335,2869938187,750218968,3126611396
LastModified=1
NaturalSize=22,17

[/nix/store/kk0g33ggn5xr2nv01x6hvd0s0k9lwhg2-libplasma-6.6.5/share/plasma/desktoptheme/default/widgets/busywidget.svgz]
14110917674819796029=51.329166,279.53748,5.820833700000001,5.82083369999998
16114342731133719456=-3.600000010317572e-07,0,35.983334,35.98333400000001
6525476134906293241=58.472801,281.12497,4.233333600000002,4.23333359999998
LastModified=1
NaturalSize=136,136
busywidget=4x4,6x6,4x4,6x6,4x4,6x6,

[/nix/store/kk0g33ggn5xr2nv01x6hvd0s0k9lwhg2-libplasma-6.6.5/share/plasma/desktoptheme/default/widgets/button.svgz]
10015247976374266987=182,129,18,5
10135982679484838980=244,203,18,5
10232713005161574151=252,178,2,4
10313833997353880398=182,91,18,5
10445216759924672912=236,146,7,18
10535478448881346084=263,138,7,7
10576203899833987866=174,205,5,5
10605203433427437730=238,178,5,5
1067247510080618095=50,62,5,5
11012597074413124781=264,116,4,2
11298813502194534806=182,136,18,7
11389493491643993049=190,204,2,6
11517536260297488937=238,116,4,2
11612606576273318171=182,62,18,5
11624916111636407104=264,192,4,2
11653285933051712058=244,138,18,7
11716309483350935276=172,146,7,18
11757643967590917147=171,32,8,18
11796055934286149603=238,127,5.000000000000028,5
11982217987214562792=208,116,0.0010000000000047748,2
12100831348004303656=174,176,5,5
12136826993611140005=190,21,2,3
1223038073627245874=79,91,5,5
12435441546723814264=-12,76,3.9999999000000006,4
12461050893494670940=238,108,5,18
12558370721017701565=190,136,2,2
12577066484752488891=182,108,18,18
12599079368723501506=203,31.999998912499997,8,18.000001718478302
1263218653814545975=182,167,18,7
13428829998595820582=202,78,6,2
13502749719365031973=203,70,5,18
13517960677290616020=182,21,18,8
13550101509097901704=174,116,0.0010000000000047748,2
1367691234204135731=244,108,18,18
13714256002144685874=263,165,7,7
13761571256831463950=252,128,2,4
13773257221965816399=171,53,8,8
14021443817470402890=58,91,18,5
14108620924664726300=208,154,2,2
14448066574716162840=238,102,5,5
14485035638175146522=182,184,18,18
14846645298701462361=263,102,5,5
14853325560408737065=182,32,18,18
15188246075644085103=190,134,2,0.0010000000000047748
15591246699256552410=182,70,18,18
15636172946307698304=263,178,5,5
16013381390315798256=174,192,6,2
16049863675753600730=203.000000001,176,5,5
16172284501256919413=203,108,5,18
16358443082161928236=252,102,2,4
1653189859851574488=238,184,5,18
17182971433877817283=203,136,7,7
17230312695940994760=171,40,3,2
17359173198451208958=244,102,18,5
17492566293702978321=202.99999999800002,204.99999999800002,5,5
17641180274006194740=244,146,18,18
17909174492856425852=190,100,2,0.0010000000000047748
18099039080254252835=244,178,18,5
18100491633321400426=252,204,2,4
18303377197516084097=203,184,5,18
18322794615612150443=190,58,2,3
18327324938498314500=174,108,5,18
1892777146918268441=182,53,18,7.999999999999993
1971771607990189146=172,136,7,7
1986457932014407324=174.00000000000003,100,4.999999999999972,5
2216186916350325165=263,184,5,18
2233209372171802766=79,70,5,18
2602110648957585526=190,90,2,6
2799716759495329397=58,70,18,18
284243270358009455=262.99999999999994,127,5.000000000000057,5
2963833892476719995=50,70,5,18
3147493378506411460=203,62,5,5
3253570610903523982=203,146,7,18
3397181067626349814=79,62,5,5
3433820739279579279=263,145.99999618000004,7,18.00000001800001
3458238189708060128=172,167,7,7
3614361333883435587=171,21,8,8
3754642490518709960=172,154,2,2
4137974228080675553=174,70,5,18
439554325520756933=182,146,18,18
4428096721776372583=238,203,5,5
4484572124122335778=50,91,5,5
4635503402109792558=203,21,8,8
4788062330813365258=182,100,18,5
4802741699956022576=203,100,5,5.000000000000014
4947859066663126175=208,40,3,2
5253251164301983870=58,62,18,5
539203414142344800=190,62,2,6
5420898188297294491=182,176,18,5
5684272234006026146=203,53,8,8
6246351723921561436=236,165,7,7
6604562895427450426=244,184,18,18
706810540211403330=203,167.00000000051,7,7
7077988963955603838=182,205,18,5
7098066704939500732=238,192,4,2
7436457743796212262=174,91,5,5
7453331341589423063=203,91,5,5
7464915965314409516=-12,192,3.9999999000000006,4
7500960074750856216=174,184,5,18
7622901163926503606=244,165,18,7
7885566547622196638=236,154,2,2
8128502485590448305=203,129,5,5
8207774238664306472=263,108,5,18
8400853864491933340=252,138,2,2
8428410581576125581=174,62,5,5
8790012293462709782=236,138,7,7
8816626793936146763=190,172,2,2
9115375748295583690=263,203,5,5
9295329076227908080=174,78,6,2
9439880791424934783=268,154,2,2
9576865511759492181=174,129,5.000000000000028,5
9694233049071591705=244,127,18,5
9785662947899719645=252,170,2,2
9883465603373763036=190,176,2,6
9909850884312922329=202,192,6,2
Invalidelements=647852319,1369288530,3525176482,325764541,4286740553,2088335248,2317188892,3114103620,1987237039,2975346885,3375808607,2169373846,1601412409,2111896149,4133356144,1863958630,405394668,2961914190,3405585929,642082956,623824531,3301710385,884244075,374493719,3980668840,4050102063,2785270613,917073473,1241934591,3060889820,4028886117,1746575359,1371459376,1629581601,2704042193,866306828,1034065708,3674987197,1884528796,2478341782,3552393504,713159427,126684162,1369074753,2045000575,3344914666,573291667,3377187263,126793069,58732015,4233212929,765616357,3624193241,14411760,2867573677,544667015,448379599,1692471976,4082609309,1250703989,3070276920,3449584156,593551146,1761476290,501904368,3288287766,2150343653,3634557787,487752380,1125825268,134114281,1685528797,4166395969,1802127412,3684504728,4045212671,3453447902,1442559895,642965533,544220868,556976321,1589498847,2413344050,3792610623,3058797609,2475564070,3640394337,3340405618,1981446645,3995797980,2560338126,3569458080,1339121033,3616738495,952800046,3806109244,1466930459,3579666908,75786907,3564772019,3936641641
LastModified=1
NaturalSize=288,224

[/nix/store/kk0g33ggn5xr2nv01x6hvd0s0k9lwhg2-libplasma-6.6.5/share/plasma/desktoptheme/default/widgets/checkmarks.svgz]
8831016006382377004=0,0,16,16
LastModified=1
NaturalSize=16,32

[/nix/store/kk0g33ggn5xr2nv01x6hvd0s0k9lwhg2-libplasma-6.6.5/share/plasma/desktoptheme/default/widgets/clock.svgz]
12425721072338286223=61.999996241684336,94.00000068799342,12.00000393505021,84.99999953993908
14902597560026602702=-7.000030000000038,-6.999990000000025,214,214
18307702799697055414=31.00000101164622,90.99999647705567,17.99999993407026,64.00000776558309
322205600636413264=100,70,4,2
3327448909170636308=-55,95,10,10
5586651938661388303=-265.82643600000006,29.173559500000017,141.65288100000004,141.652881
Invalidelements=2808269733,3953646210,946529320,1337954608,3125455618
LastModified=1
NaturalSize=200,200

[/nix/store/kk0g33ggn5xr2nv01x6hvd0s0k9lwhg2-libplasma-6.6.5/share/plasma/desktoptheme/default/widgets/containment-controls.svgz]
10542868457832776197=61.99999940986387,48.00000027555605,28.000000637361275,19.000000432495156
15814000495246496199=71,65,10,1
17083982286993692552=-10,0,5.2207794,5.4025974
17683902194369973515=90.00000320954504,48.99999984359245,36.0000008194645,15.000000341443538
4126345884742701283=71,78,10,1
8013947853900228031=89.99999997099046,63.99999984359245,36.0000008194645,15.000000341443538
8857655798981503803=4,6,1,42
9636077153223647886=71,66,10,12
Invalidelements=2903703047,562227700,891001159,3303226753,1383599041,3186806831,853468572,958293175,3463439772,3874693003,1163023654,2596451707,2981629958,3052570486,1534766709,21215935
LastModified=1
NaturalSize=128,128

[/nix/store/kk0g33ggn5xr2nv01x6hvd0s0k9lwhg2-libplasma-6.6.5/share/plasma/desktoptheme/default/widgets/glowbar.svgz]
7947730717160838169=34,34,12,12
LastModified=1
NaturalSize=56,56

[/nix/store/kk0g33ggn5xr2nv01x6hvd0s0k9lwhg2-libplasma-6.6.5/share/plasma/desktoptheme/default/widgets/line.svgz]
13908209463056398626=0,0,1,1
14758404308824365171=2,0,1,1
LastModified=1
NaturalSize=3,1

[/nix/store/kk0g33ggn5xr2nv01x6hvd0s0k9lwhg2-libplasma-6.6.5/share/plasma/desktoptheme/default/widgets/lineedit.svgz]
10005102387645290307=75.00000000040001,124.999999450845,7,20.00100000005
10271809249876803802=4.999994477540739,40,69.9999969523904,5
10394401383453387899=4,-4,2.0329318046600005,2.07712602615
10488336483713413735=75,65,5,5
10522037926348085135=80,54,0.0010000000474974513,2
11262845857617601106=-5.000018177270249e-10,84.99999999984499,5,20.000000000050008
11900897524459180941=40,39.9990005493,2,0.0010000000474974513
11934895342055627290=4.999994476540735,25.000000000100002,70.00000400000945,5
11940050591729162163=-0.0010000000475,54,0.0010000000475,2
12064456585439971688=40,118,2,2
12501876975691888144=0,65.0000000001,5,5
12727912437732099844=0,40,5,5
12934565839694822149=0,-4,2.03293180466,2.07712602615
13528361323277989382=40,110,2,0.0010000000474974513
13814372953316076054=40,79.9990005493,2,0.0010000000474974513
13931642329233427750=75.00000000099999,40,5,5
1397248297044897501=-2.000000001000018,145.00099945099998,7.000000000000028,7
14454873825396166632=75,145.0009994506,7.000000000000028,7
14716813705803609464=4.999994476540735,105.0000000001,70.00000400000947,5
14737193506087333581=-0.0010000000475,94,0.0010000000475,2
15018575295945741153=80,94,0.0010000000474974513,2
15121781830705449679=75,25,5,5
15310179276253803005=4.999995559359405,118.001,70.0000048406406,7
15873193582212897940=0,44.999999999844995,5,20.00000000005
1609497272759405106=40,24,2,6
16296851360426666291=75,80,5,5
16332025204117615453=-2.000000001000018,118.000000451,7.000000000000028,7
16506311691030876965=8,8,64,14
16618445455260239224=75.0000000011,5.000000000044999,5,20.00000000005
17317106792991675977=0,5.000000000044999,5,20.00000000005
17508772945864281527=8,128,64,13.999991999999992
17620136445792000735=-9.999894245993346e-10,80,5,5
1778345466248935404=75,105,5,5
18217927334301873015=75.00000000099999,0,5,5
2736589376746715422=4.999994476540735,65.0000000001,69.9999969523904,5
3008917472013210449=0,0,5,5
3058910920082927472=4.999994477540739,0,69.9999969523904,5
3570119977711202733=80,134.00100708,2,2
4599868049586016969=-9.999894245993346e-10,105.0000000001,5,5
5361506089153970347=40,70,2,0.0010000000474974513
546030409779040068=75.00000000040001,84.99999999984499,5,20.000000000050008
5703613163181955743=0,25.000000000100002,5,5
5886226369217279243=4.999994476540735,80,70.00000400000945,5
5957673262929846934=-2.00099992752,134.00100708,2,2
6082471689490827063=40,150.00100708,2,2
6234109576708953110=8,48,64,14
6322926026233155372=75.0000000011,44.999999999844995,5,20.00000000005
6966982301720300769=0,14,6,1.9999999000000006
7704461939411229665=40,0,2,6
7798089982196928800=74,14,6,2
8017324308311900936=4.9999990000000025,145,70.0000039880952,7.0000009999999975
9249123758336266785=8,88,64,14
9272940494289283801=-2,125.0000000393233,7,20.001001535676707
9972138129263057301=75,118.000000451,7,7
Invalidelements=2231888506,1992657723,3581715407,1954459398,980085013,4056320622,682956554,4271291495,758080735,3626491792,717097029,2578093537,43485641,630434816,3176113716,4082500408,838922136,551075414,1201464225,1551912836,1200921942,3407845922,2561715620,1740715468,3092255352,1853015306,2964458404,2573258727,4214950147,855753603,181004319,808910271,1298923777,178223896,3946111301,565726134,244708907,3462459235,307156120,2375247018,1351970335,481486693,2868351566,3886812737,986793774,2343867815,2922221763
LastModified=1
NaturalSize=80,30

[/nix/store/kk0g33ggn5xr2nv01x6hvd0s0k9lwhg2-libplasma-6.6.5/share/plasma/desktoptheme/default/widgets/listitem.svgz]
10059682125011239747=57.999623,5.383812922222221,2.000036926144645,2.0003447777777783
10159763789731433377=59.9997,7.3841577,10.999998999999995,11.000005300000002
10256219353279563577=31.000000000000007,7.999670222222221,2.000036926144631,2.0003447777777783
10371563847767093559=19.9997,10.000015,10.999998999999999,11.000005
10444567194839493646=29,67,2,6
10535986935055800373=18,20.999655222222223,2.000036926144638,2.0003447777777765
13087528223982753424=20,21,11,2
1314136156917335138=31.000000000000007,20.999655222222223,2.000036926144631,2.0003447777777765
13531763764592751980=17.999702222222226,10,2.0002977777777744,11.000004999999998
1403325690765796768=19.99966,7.999670222222221,11.0015284806611,2.0003447777777783
14336574830835567239=10,16,6,2
14937711658039874331=23.999959999999998,51.00000022222222,11.00126257523478,2.0003447777777836
14944171364880866693=21.999964000000002,64.00000022222221,2.0000360691508554,1.9999997777777878
15073425740915982758=21.999924000000004,51.00000022222222,2.0000360691508483,2.0003447777777836
15489465145094348176=71.00000000000001,5.383812922222221,2.000036926144631,2.0003447777777783
15763755952597314320=22.000002222222214,53.00033500000001,2.000297777777785,11
1671922870091267929=71.00000000000001,18.38379822222222,2.000036926144631,2.0003447777777765
17692931771590138924=35,16,6,2
18319273113236906957=28,2,2,6
2385103865261161955=24,53.000345,10.999999000000003,11.000000000000007
4150630076046104216=70.9997,7.3841577,2.000296888888883,11.000005300000002
4632827188076053714=57.99970222222221,7.3841427,2.0002977777777886,11.0000053
4782425615565306478=34.999964,64.00000022222221,2.000036069150859,1.9999997777777878
5047264019547122641=-10,-10,2.0329318,2.077126
5144572405584885175=28,44,2,6
6079493126334659881=34.999964,51.000345222222215,2.000036069150859,1.9999997777777807
6520620414007692934=24,64,11,2
7030728408994352716=60,18.384143,11,2
708277428837383440=38,58,6,2
7926233499398012487=59.99965999999999,5.383812922222221,11.001528480661094,2.0003447777777783
7976526979629455436=17.999623,7.999670222222221,2.000036926144638,2.0003447777777783
8091648923772605200=29,25,2,6
8743578036150670909=17,58,6,2
876560413790068106=58,18.38379822222222,2.000036926144645,2.0003447777777765
9590962030797191146=35,53.000345,2.000296888888883,11.000000000000007
9595972485853441670=30.9997,10.000015,2.0002968888888866,11.000005
Invalidelements=3956197795,2687299373,932719335,3812277253,1095290884,2227051212,3416348072,2025707522,2041684323,3400217921,1366184030,438464613,4282177209,3561399258,146462902,4212526039,1511618905,4239936551,2955921187,323138157,2959825906,423471447,3069669896,1021159094,146521830,2182982048,3264883091,2682897272,649782584,561334731,3287639138,2293497804,3288004426,2902131606,672948526,1975213065,3380668205,1832086909,2422975928,44202676,2257935066,2158531746,2200226824
LastModified=1
NaturalSize=128,300

[/nix/store/kk0g33ggn5xr2nv01x6hvd0s0k9lwhg2-libplasma-6.6.5/share/plasma/desktoptheme/default/widgets/margins-highlight.svgz]
12875717259287504615=1,1.0125199999999381,4,4
14976002655395192755=10.029290000000003,1,4,4
1508824438175683493=1,5.012520000000109,4,4
Invalidelements=1867634611,1043855355,3246409419,1868551178
LastModified=1
NaturalSize=15,10

[/nix/store/kk0g33ggn5xr2nv01x6hvd0s0k9lwhg2-libplasma-6.6.5/share/plasma/desktoptheme/default/widgets/pager.svgz]
10415678673599059077=-13,1.9999998,10,6.999999999999999
10421324066302146257=-13,14,10,7
11040866974841223015=-14,26,1,7
11310923662506781581=-3,13,1,1
11735877406089938909=-14,33,1,1
11808089332063066580=-3,14,1,7
12461802620802698756=-14,13,1,1
13151987875796797317=-3,33,1,1
13811034334692732279=-13,33,10,1
14382863441227592029=-3,21,1,1
15166466251998815366=-14,25,1,1
15816492233122922445=-13,13,10,1
17190236664935353677=-14,9,1,1
1920046911084157610=-3,0.99999982,1,1
2397611748802590533=-13,25,10,1
2944331210893461531=1.1607215,1.2080072,1.0000000000000002,0.9941440799999999
3180277312190362470=-14,1.9999998,1,6.999999999999999
3623741522587836932=-14,14,1,7
4979667332391353722=-14,0.99999982,1,1
5823531104473416336=-13,21,10,1
611890261714772503=-3,25,1,1
6433687677739278600=-13,9,10,1
6499089205442085727=-3,9,1,1
7030916265757822004=-14,21,1,1
8332694383175863128=-3,1.9999998,1,6.999999999999999
8743667478006481981=-13,26,10,7
8908023774853347060=-3,26,1,7
9122720740309130984=-13,0.99999982,10,1
Invalidelements=3068528452,3249909563,3516655267,3436574691,206325584,1293541306,2087876106,288080078,1225754516,2698285619,1476927564,10890532,3613732884,2336251926,4289108032,981411759,3756495552,2336193776,3662743260,391121752,48766804,2390844201,615373804,2171325359,4238223777,2626781872,1557605207,3108765643,2844232468,667882843,1902982566,403907441,1100609375,3128602532,4254901700,1170323935,1488901123,4279914059
LastModified=1
NaturalSize=50,50

[/nix/store/kk0g33ggn5xr2nv01x6hvd0s0k9lwhg2-libplasma-6.6.5/share/plasma/desktoptheme/default/widgets/plasmoidheading.svgz]
10287199402626693662=99,12,6,32
10575466454241448484=51,12,6,32
11012677576877420549=51,44,6,6
14347122647762701614=51,6,6,6
14755154685538082761=13,6,6,6
14940671791334299321=99,6,6,6
14991388483090961550=13,44,6,6
15797655620217638828=19,44,32,6
15859099100079957645=99,44,6,6
1934406252658737286=67,6,32,6
3729996847778984549=61,12,6,32
4694267718111894935=-7,-7,5,5
4897034788027937750=19,6,32,6
5975538566457879719=13,12,6,32
666336213602708732=67,12,32,32
8383187268124590384=61,6,6,6
8487826065141554408=61,44,6,6
8568319919254466779=19,12,32,32
8687914163904745066=67,44,32,6
Invalidelements=225417447,3707692586,2993112542,1747550647,2941727512,2823841192,3440045262,4076446952,4002019809,737576857,4121614539,2163037059,2453206324,1902186751,2523728921,3866488900,1236010923,1401001082,4010216352,1463390147,1165307279,2211961481,4234022040,4049398491,1712687465,3698629736
LastModified=1
NaturalSize=173,56

[/nix/store/kk0g33ggn5xr2nv01x6hvd0s0k9lwhg2-libplasma-6.6.5/share/plasma/desktoptheme/default/widgets/scrollbar.svgz]
10084843879466303890=35,25,3,6
10915496138490694058=10,10,3,3
11047406648565574752=35,31,3,3
12115393564217658430=46,-2,2,2
13608291605493971378=10,14,3,3
13894279521247805086=52,4,6,6
14142583059577555946=31,14,3,3
14165388380543775398=31,39,3,3
15144554665950642298=25,10,6,3
15688399884143642961=0,10,6,3
15784103635331506349=35,39,3,3
16241073638779628558=14,6,3,3
16289323844075497306=31,35,3,3
16921487723000004808=39,6,3,3
17816239240826335832=35,42,3,6
1845656737769930616=39,14,3,3
2061325171427844400=35,10,3,3
2187559444454947849=39,10,3,3
2841804771070072259=31,10,3,3
3124604703416357532=39,31,3,3
3480861097566059244=14,14,3,3
413124942319348576=6,14,3,3
5843258863400370528=35,17,3,6
625804427086808955=-32.8756103516,46.7764358521,2,2
6925086743245692916=42,10,6,3
7000114073493753113=10,17,3,6
706862142836374320=35,14,3,3
7439334644283931942=35,0,3,6
7461817881544986472=14,10,3,3
7769601899277376998=35,35,3,3
7925553778384857536=25,35,6,3
8060304256073955789=31,31,3,3
823837261337340825=39,39,3,3
8472984862905346764=10,6,3,3
8751842524536129466=6,10,3,3
8760223456288333380=31,6,3,3
892905560354169004=17,10,6,3
8933948543274577732=6,6,3,3
954958599956628916=10,0,3,6
9706580098553699910=42,35,6,3
9730598173151432365=35,6,3,3
9897286503703704703=39,35,3,3
Invalidelements=4069760627,3218707838,994551748,293491916,954349788,134243628,4270489610,2820524610,3806296684,2144128851,1293750048,3261468479,1710405314,2294387637,3368333825,1668844113,3349614539,4228721755,2502369926,4219641692,3496511938,583255302,895657200,619775294,3390589022,2640389669,1146258340,1005503402,2814485040,1649226066,2987925545
LastModified=1
NaturalSize=48,48

[/nix/store/kk0g33ggn5xr2nv01x6hvd0s0k9lwhg2-libplasma-6.6.5/share/plasma/desktoptheme/default/widgets/slider.svgz]
10822009589883825038=40,100.000001,20,19.999999000000003
12219379679809226531=42,6,20,20
13013196653619365006=2.2599621,4.6594176,2.0329318,2.077126
13306092369829958217=6.999999999967999,99.99999999956,19.999999999920007,19.999999999919993
15673824933560594713=11,11,3,3
16235451479298751744=15,36,3,3
16568270637469714873=7,36,3,3
17220255856435096130=11,40,3,3
17872149523429394295=11,36,3,3
584590669780964142=95,97,26,26
6090891245320584884=66,98,24,24
6210775604740224617=11,32,3,3
6684908207031574710=11,7,3,3
7764440413277906100=15,11,3,3
9231884253728024891=7,11,3,3
9366943295236396384=11,15,3,3
Invalidelements=2312602185,1545205157,196627048,1909905870,1581320647,3255069742,1691287055,4242216972,3623973953,1311313597,3770089403,3309957265,1911339871,413875106,4166499204,4123044040,3720127368,1218019375,3750283689,1529062761,3064886684,1440695066,2475370726,3981302727,2085241242,1661567003,2614199592,887408193,2743304045,4200705627,1837428762,2727851966,1863275885,1540719186,385378857,3424720651,412331378,1395142332,3488106847
LastModified=1
NaturalSize=128,128

[/nix/store/kk0g33ggn5xr2nv01x6hvd0s0k9lwhg2-libplasma-6.6.5/share/plasma/desktoptheme/default/widgets/switch.svgz]
10839636851861730310=70.3846155,33.384614699999986,28.000000599999993,28.000000600000007
12020361114502691689=1,36,22,22
12134205834476976030=29.999999900000002,0.009999900000002171,7.999999949999999,15.990000199999995
15244283886449452638=19.000000149999998,-9.999999761589606e-08,7.999999949999999,16.000000199999995
16495966288805161578=5.999999900000002,-9.999999761589606e-08,8.000000049999999,16.000000199999995
16980288111240677257=14,-9.999999761589606e-08,5,16.000000199999995
18210759387401846728=7,18,38,16
4135510257880007392=0,7.0100002,4,4
4826419221323063582=52,8,26,26
7811462322023356384=43.00000015,0.009999900000002171,7.999999949999996,15.990000199999995
9175792177185412622=38,0.009999900000002171,5,15.990000199999995
Invalidelements=3821310302,2317826393,411090454,1391078249,3872838242,854611013,1372170103,4007485280,2797992472,4084164576,48446029,3316759089,846346705,3142212703,2745687658,694243578,3486342369,620627704,160939415,370008152,1013478483,43109586,1322898831,2994010489,3106200818,70932391,4206359485,427673212,2620347191,2162404317,566982905,1803338971,2479125024,2512336294,4231039758,3327075581,2854982854,670780725,2537840591,1012818664,171264484,2777905231,3704013459,1994830821,4279357975,79590109,1437804956,3512223047,1442877107,2923320152,2695144335,994894697
LastModified=1
NaturalSize=51,59

[/nix/store/kk0g33ggn5xr2nv01x6hvd0s0k9lwhg2-libplasma-6.6.5/share/plasma/desktoptheme/default/widgets/tabbar.svgz]
10033251467862900350=356,434.36215,10,12
11613394850025633852=320.241241455,446.3621521,5,10
11649708360340112083=266,437.36215,6,5
1166258489231890067=-233.82362,467.12659,41.362885000000006,41.12067000000002
13290135402979254421=313.758758545,210.362182617,5,10
13350318402625158184=266.00001,431.36216,10,3.0000051999999755
13499577868902339080=266,434.36215,10,12
13763574418206362072=283,227.36217000000002,80,3
13827093189130947141=360,437.36215,6,5
15817045454852890276=367,218.36218,6,5
16818742002360544565=356,446.36215,10,4
17437360737468107867=276,434.36215,80,12
17456978095686679272=283,214.362182617,80,20
209680276488687281=356,431.36216,10.000009999999975,3.0000051999999755
2552483413644964481=363,214.36218,10,12
2721216105302326337=273,218.36218,6,5
2817260560989193777=276,446.36215,80,4
3305611069697723585=273,214.36218,10,12
3960244918178296564=266,446.36215,10,4
4245869603310421372=276.00001,431.36216,80,3
4282403779083945705=320.241241455,431.3621521,5,10
6208049405071653342=313.758758545,220.362182617,5,10
8552652207004129868=283,210.36218,80,4
Invalidelements=2654359980,3179059645,2844039963,1469203743,3045089283,2717623983,1777890165,2699396254,3800871415,3591982818,3912101368,824449617,188387595,1998608596,1167241061,2904357850,369931127,84876662,1307366572,3923060429,2437818870,1692635014,1186544793,4113386925,356857232,1429195206,2351682961,483045687,3308203377,2362658968,1311791963,4266295574,3772821900
LastModified=1
NaturalSize=744,1052

[/nix/store/kk0g33ggn5xr2nv01x6hvd0s0k9lwhg2-libplasma-6.6.5/share/plasma/desktoptheme/default/widgets/tasks.svgz]
1004266581301720418=1,121.99999,4,3
10078335582760180852=31,21.9999995,4,2.999998999999999
10115481166731288213=1,45.999998000000005,4,13
10575730254961560381=30,51,4,4
1120925937223073314=31,63.999994,4,2.999994000000001
12667806749176222937=1,25,4,13
14738068382045825702=31,106,4,2.999989999999997
14779773925578936930=5,106,26,2.999988000000002
15294325201729521265=31,66.999993,4,13
15322524197545668168=1,64.000002,4,2.999994000000001
15869856642848468981=16,58,4,4
16090903903468691549=1,106,4,2.999989999999997
16549926198579211367=31,121.999997,4,3
16667795244772909474=4.9999998,66.999994,25.99999992,13
17267162219328118282=5,63.999998000000005,26,3
17543802591286658953=31,24.999997999999998,4,13
17663001830949840216=31,45.999997,4,13
17910825372122599649=4.9999998,45.999998,25.99999992,13
1949881349505816740=1,79.999994,4,3
2141501913183837512=5,21.999999000000003,26,3.000001000000001
3175290527023655537=31,79.999995,4,3
3203111765043069610=5,42.999998000000005,26,3
3217170740182027875=5,79.999993,26,3
3511732590656415059=5,37.999998,26,3
4084992737589533686=1,37.999999,4,3
6075472989566221537=1,109,4,13
68593391935558569=31,38,4,3
721094210019330139=1,66.999994,4,13
7951451386559332320=2,51,4,4
7993686610653181702=31,42.99999880000001,4,3.0000003999999976
8305347104696699887=1,22,4,3
8389613042649565540=4.9999998,108.99999,25.99999992,13
8399927715748870979=155.99999540000002,92.00000024444182,10.999999799999983,10.999999800005142
8419921235069668682=1,43.0000012,4,3.0000003999999976
8855509324340946075=5,58.999997,26,3
9266095482754314567=16,43,4,4
9333575850300680693=5,121.999992,26,3
9363186408401359065=31,58.999999,4,3
9369224092080420116=1,58.999998,4,3
960709663539856505=31,108.999992,4,13
976089297494499764=4.9999998,24.999999000000003,25.99999992,13
Invalidelements=2049023104,3937994913,1293526356,1716611985,98006853,3590260079,505609409,2977535797,2957675060,4029123,2484401951,2394712366,3089077069,3106681453,974627688,1536977572,3275090833,2466983786,4283747703,2267967390,4215591447,3200886862,3715446543,989106942,1099097438,3743337768,4098434124,619226694,2777939681,1441845341,2288159555,361888562,3394439153,1045457813,784401408,2272513605,722813134,3693206688,1682668321,3162988166,144139027,2747705390,2671594620,1285276371,1614413818,4110539375,377443192,2191117464,2012500388,3142903884,2017662319,268097020,3306996557,646296769,1877046234,1270803402,1483182629,4143355355,3284451676,750546399,2343145668,215442568,3093905756,1520482814,769517316,3308146811,1697279605,2086952041,826485326,1677472513,3622094414,3084047160,1326860276,653695396,3805637473,1144100166,3154426043,79012829,1841282152
LastModified=1
NaturalSize=144,126

[/nix/store/kk0g33ggn5xr2nv01x6hvd0s0k9lwhg2-libplasma-6.6.5/share/plasma/desktoptheme/default/widgets/viewitem.svgz]
10602450234599895950=173.99999862367352,61.99999996715184,4.999998041428569,5.00000208486415
10678900227033403680=174.0000023912245,11.000028081746905,4.99999998749999,4.9998939653550565
10735620260827685395=146,94.00001201887517,5,45.99999006457483
11657403479265907129=122.99998900407996,11.000001567431184,4.999999828570566,5.000000249922209
11705450437384646563=128,16,46,46
11777123464208966276=46,94,46,46
12978451491224345222=146,89,5,5
13068912012262890063=146,139.9999999999999,5,4.999999999999886
13977063886282001619=151.0000001345632,140.0000000000001,46.00000051134879,5
14022036317055170421=49.928560000000004,-90.32326999999998,40,40
14215740546189020041=46.00000085385358,89,46.021998799519196,5
15254974040383444652=41,140,5,5
16283837217076941696=46.000001134563206,139.9999999999999,46.00000051134879,5
16601140159495813950=122.99998900407996,16.00000712040037,4.999999828570566,45.99999906752248
2184974597994380600=122.99998900407996,61.99999685862883,4.999999828570566,5.000000399871965
4334967740021724567=197,93.9999913147717,5.000009999999975,46.000016066661374
4622387263285782509=127.99999835589199,62.000001838628805,46.00000051134879,5.000000399871965
5450031358614801233=41,93.99999217607524,5,46.0000200743998
5523158922822525133=151.0000006322024,89,45.99999317980803,5
5565951977534886078=197,89,5,5
5908963910452917189=92.00000000000006,94.0000013150609,5,46.000016066661374
6156897543432590995=151,94,46,46
681436923617970743=92,140,5,5
6950519515956835372=92.00000000000006,89,5,5
6959858548301866652=173.9999809521609,16.00006545878432,4.999999917600576,45.99999666264239
8765452575704740599=41,89,5,5
877285909793122160=127.999999970142,11.000028081746905,45.99999843089921,5.00000025164195
9846196356308282800=197,139.99999999999977,4.999999999999943,5.000000000000114
Invalidelements=3870373373,1447536576,687909921,2656164141,1494896819,3094503342,919086306,286256075,1790905834,3149892583,1519965924,3266637780,1260867214,3820801125,3426307943,2153283580,2222597563,1610639637,1671616745,3679071601,3295582836,1685022524,2915438134,2777898180,4190634882,882337342,709578583,2526814825,3359713130,1225888579,2355065783,3563903798,1707845564,856145663,1024297441,3825298372,3229025191,3483068211,1227055506,1059144237,2279308031,1634308516,2097979235,1702882269,337099138,500601088,2767284550,4164327470,3745318624,1343386658,743897984
LastModified=1
NaturalSize=257,161

[/run/current-system/sw/share/plasma/desktoptheme/default/weather/wind-arrows.svgz]
NaturalSize=88,110
